21
0
0 7362 7664 2925 1684 5913 8609 8477 1432 1719 9630 2607 8776 5321 3238 5109 2959 4470 4656 2220 3347
7362 0 1582 9353 8112 1801 2527 2395 7860 6271 3548 9035 2694 3469 5112 2415 5689 3874 3814 6994 4559
7664 1582 0 9655 8414 2103 1245 1113 8162 6573 2266 9337 1412 3771 5414 2717 5991 4176 4116 7296 4861
2925 9353 9655 0 1817 7904 10600 10468 2011 3710 11621 1144 10767 7312 5229 7100 4950 6461 6647 4211 5338
1684 8112 8414 1817 0 6663 9359 9227 770 2469 10380 1499 9526 6071 3988 5859 3709 5220 5406 2970 4097
5913 1801 2103 7904 6663 0 3048 2916 6411 4822 4069 7586 3215 2020 3663 966 4240 2425 2365 5545 3110
8609 2527 1245 10600 9359 3048 0 1288 9107 7518 2441 10282 1587 4716 6359 3662 6936 5121 5061 8241 5806
8477 2395 1113 10468 9227 2916 1288 0 8975 7386 1775 10150 921 4584 6227 3530 6804 4989 4929 8109 5674
1432 7860 8162 2011 770 6411 9107 8975 0 2217 10128 1693 9274 5819 3736 5607 3457 4968 5154 2718 3845
1719 6271 6573 3710 2469 4822 7518 7386 2217 0 8539 3392 7685 4230 2147 4018 1868 3379 3565 1351 2256
9630 3548 2266 11621 10380 4069 2441 1775 10128 8539 0 11303 1088 5737 7380 4683 7957 6142 6082 9262 6827
2607 9035 9337 1144 1499 7586 10282 10150 1693 3392 11303 0 10449 6994 4911 6782 4632 6143 6329 3893 5020
8776 2694 1412 10767 9526 3215 1587 921 9274 7685 1088 10449 0 4883 6526 3829 7103 5288 5228 8408 5973
5321 3469 3771 7312 6071 2020 4716 4584 5819 4230 5737 6994 4883 0 3071 1216 3648 1833 1773 4953 2518
3238 5112 5414 5229 3988 3663 6359 6227 3736 2147 7380 4911 6526 3071 0 2859 1565 2220 2406 2870 1097
5109 2415 2717 7100 5859 966 3662 3530 5607 4018 4683 6782 3829 1216 2859 0 3436 1621 1561 4741 2306
2959 5689 5991 4950 3709 4240 6936 6804 3457 1868 7957 4632 7103 3648 1565 3436 0 2797 2983 2591 1674
4470 3874 4176 6461 5220 2425 5121 4989 4968 3379 6142 6143 5288 1833 2220 1621 2797 0 1168 4102 1667
4656 3814 4116 6647 5406 2365 5061 4929 5154 3565 6082 6329 5228 1773 2406 1561 2983 1168 0 4288 1853
2220 6994 7296 4211 2970 5545 8241 8109 2718 1351 9262 3893 8408 4953 2870 4741 2591 4102 4288 0 2979
3347 4559 4861 5338 4097 3110 5806 5674 3845 2256 6827 5020 5973 2518 1097 2306 1674 1667 1853 2979 0
