28
0 9342 6007 3284 1082 6279 8068 2875 6986 5223 2010 1585 1963 2804 3572 9785 4745 4088 7298 4334 991 9593 8747 2019 1089 9749 4625 4597
9342 0 5007 11972 9770 4447 1610 7277 4000 13911 10698 9593 7851 7982 6734 1209 13433 12776 2634 13022 8573 1017 1185 10707 8859 1173 5975 5085
6007 5007 0 8637 6435 1944 3733 3942 2651 10576 7363 6258 4516 4647 3399 5450 10098 9441 2963 9687 5238 5258 4412 7372 5524 5414 2640 1750
3284 11972 8637 0 2348 8909 10698 5505 9616 3253 2446 4215 4593 5434 6202 12415 2775 2118 9928 2364 3621 12223 11377 1811 3719 12379 7255 7227
1082 9770 6435 2348 0 6707 8496 3303 7414 4287 1074 2013 2391 3232 4000 10213 3809 3152 7726 3398 1419 10021 9175 1083 1517 10177 5053 5025
6279 4447 1944 8909 6707 0 3173 4214 2091 10848 7635 6530 4788 4919 3671 4890 10370 9713 2403 9959 5510 4698 3852 7644 5796 4854 2912 2022
8068 1610 3733 10698 8496 3173 0 6003 2726 12637 9424 8319 6577 6708 5460 2053 12159 11502 1360 11748 7299 1861 1015 9433 7585 2017 4701 3811
2875 7277 3942 5505 3303 4214 6003 0 4921 7444 4231 3126 1384 1515 1507 7720 6966 6309 5233 6555 2106 7528 6682 4240 2392 7684 2560 2532
6986 4000 2651 9616 7414 2091 2726 4921 0 11555 8342 7237 5495 5626 4378 4443 11077 10420 1956 10666 6217 4251 3405 8351 6503 4407 3619 2729
5223 13911 10576 3253 4287 10848 12637 7444 11555 0 4385 6154 6532 7373 8141 14354 1092 2761 11867 1623 5560 14162 13316 3750 5658 14318 9194 9166
2010 10698 7363 2446 1074 7635 9424 4231 8342 4385 0 2941 3319 4160 4928 11141 3907 3250 8654 3496 2347 10949 10103 1181 2445 11105 5981 5953
1585 9593 6258 4215 2013 6530 8319 3126 7237 6154 2941 0 2214 3055 3823 10036 5676 5019 7549 5265 1242 9844 8998 2950 1340 10000 4876 4848
1963 7851 4516 4593 2391 4788 6577 1384 5495 6532 3319 2214 0 1313 2081 8294 6054 5397 5807 5643 1194 8102 7256 3328 1480 8258 3134 3106
2804 7982 4647 5434 3232 4919 6708 1515 5626 7373 4160 3055 1313 0 2212 8425 6895 6238 5938 6484 2035 8233 7387 4169 2321 8389 3265 3237
3572 6734 3399 6202 4000 3671 5460 1507 4378 8141 4928 3823 2081 2212 0 7177 7663 7006 4690 7252 2803 6985 6139 4937 3089 7141 2017 1989
9785 1209 5450 12415 10213 4890 2053 7720 4443 14354 11141 10036 8294 8425 7177 0 13876 13219 3077 13465 9016 1178 1628 11150 9302 1334 6418 5528
4745 13433 10098 2775 3809 10370 12159 6966 11077 1092 3907 5676 6054 6895 7663 13876 0 2283 11389 1145 5082 13684 12838 3272 5180 13840 8716 8688
4088 12776 9441 2118 3152 9713 11502 6309 10420 2761 3250 5019 5397 6238 7006 13219 2283 0 10732 1872 4425 13027 12181 2615 4523 13183 8059 8031
7298 2634 2963 9928 7726 2403 1360 5233 1956 11867 8654 7549 5807 5938 4690 3077 11389 10732 0 10978 6529 2885 2039 8663 6815 3041 3931 3041
4334 13022 9687 2364 3398 9959 11748 6555 10666 1623 3496 5265 5643 6484 7252 13465 1145 1872 10978 0 4671 13273 12427 2861 4769 13429 8305 8277
991 8573 5238 3621 1419 5510 7299 2106 6217 5560 2347 1242 1194 2035 2803 9016 5082 4425 6529 4671 0 8824 7978 2356 508 8980 3856 3828
9593 1017 5258 12223 10021 4698 1861 7528 4251 14162 10949 9844 8102 8233 6985 1178 13684 13027 2885 13273 8824 0 1436 10958 9110 976 6226 5336
8747 1185 4412 11377 9175 3852 1015 6682 3405 13316 10103 8998 7256 7387 6139 1628 12838 12181 2039 12427 7978 1436 0 10112 8264 1592 5380 4490
2019 10707 7372 1811 1083 7644 9433 4240 8351 3750 1181 2950 3328 4169 4937 11150 3272 2615 8663 2861 2356 10958 10112 0 2454 11114 5990 5962
1089 8859 5524 3719 1517 5796 7585 2392 6503 5658 2445 1340 1480 2321 3089 9302 5180 4523 6815 4769 508 9110 8264 2454 0 9266 4142 4114
9749 1173 5414 12379 10177 4854 2017 7684 4407 14318 11105 10000 8258 8389 7141 1334 13840 13183 3041 13429 8980 976 1592 11114 9266 0 6382 5492
4625 5975 2640 7255 5053 2912 4701 2560 3619 9194 5981 4876 3134 3265 2017 6418 8716 8059 3931 8305 3856 6226 5380 5990 4142 6382 0 1230
4597 5085 1750 7227 5025 2022 3811 2532 2729 9166 5953 4848 3106 3237 1989 5528 8688 8031 3041 8277 3828 5336 4490 5962 4114 5492 1230 0
