6 4
2.5
8.028 8.416 5.996 14.818
2.949 21.187 4.385 12.549
9.628 8.581 5.614 5.813
5.037 4.894 14.500 11.837
19.909 7.164 7.169 35.150
7.405 16.610 10.730 4.338
7.013 13.643 10.699 19.196
1.506 9.557 0.798 9.313
11.957 21.847 8.741 6.617
10.107 7.480 9.661 2.966
8.938 2.124 2.918 4.246
15.786 3.821 6.327 15.951
6.438 8.710 0.447 20.377
4.639 0.706 16.540 7.945
6.584 16.175 17.841 15.376
5.895 7.053 0.582 10.985
10.887 3.628 2.826 13.098
0.473 8.047 18.699 9.746
11.657 0.374 10.114 3.755
0.677 11.735 17.055 10.673
5.303 6.993 8.262 7.729
13.667 9.163 10.399 6.844
19.233 9.569 14.534 11.320
0.582 5.293 7.003 1.127
1.346 5.536 5.843 1.651
17.941 8.378 0.177 8.989
2.444 6.766 7.144 16.936
3.853 0.937 0.349 5.961
6.082 12.913 5.891 19.252
2.019 4.593 1.307 3.625
17.243 1.282 19.249 2.545
8.182 17.372 7.697 16.913
17.121 0.803 3.719 13.661
0.863 1.864 0.187 21.980
0.734 2.531 8.021 8.038
21.421 2.609 10.426 11.985
17.755 6.139 1.428 4.523
1.265 11.921 7.811 3.635
3.901 13.159 2.150 2.780
12.805 4.009 8.556 1.498
19.517 0.642 13.715 7.963
14.498 22.480 5.388 7.958
6.299 18.345 3.350 3.282
0.211 19.966 14.398 11.202
2.732 18.024 12.543 2.669
0.007 16.518 4.338 5.341
5.650 12.467 3.060 11.420
4.033 15.328 10.147 0.946
6.508 14.681 5.413 10.072
2.005 4.789 5.767 5.646
14.527 0.115 0.131 6.698
4.915 0.698 5.466 10.347
1.830 5.154 1.184 3.817
7.419 3.534 0.782 0.647
1.556 14.164 3.864 9.089
4.608 19.141 2.964 2.805
15.027 30.982 18.174 0.329
2.855 11.801 18.406 1.741
11.374 1.228 0.596 6.429
9.788 6.699 2.494 11.693
2.997 16.891 3.675 5.883
17.139 3.395 15.903 13.945
2.637 9.031 4.013 10.080
0.381 1.975 10.346 3.808
11.674 9.270 26.942 11.349
1.092 11.142 0.414 4.239
1.489 10.772 2.325 25.886
2.445 4.205 10.282 3.177
10.854 3.432 10.602 3.782
1.441 13.826 1.251 14.142
5.175 4.976 8.725 2.356
10.347 7.494 3.169 19.933
10.928 3.039 0.841 5.020
6.360 20.351 4.833 3.168
6.922 2.802 14.827 5.018
3.651 4.995 3.227 1.716
0.933 1.840 10.377 8.487
4.842 4.579 1.497 0.905
9.780 15.714 14.731 0.123
0.837 22.913 3.974 8.908
3.362 3.459 8.326 9.311
2.175 13.157 3.607 11.518
13.463 6.449 19.424 1.265
12.408 2.319 23.885 1.906
3.337 10.460 6.997 5.190
6.637 0.439 7.590 0.517
2.149 12.304 5.397 5.855
4.690 10.525 9.485 24.225
12.018 6.712 5.575 3.473
6.073 1.744 6.698 2.236
7.134 17.160 0.288 17.173
1.447 12.688 22.308 12.309
18.882 0.609 4.389 11.643
2.703 4.196 4.467 0.019
0.389 1.568 4.184 10.525
25.425 7.057 1.956 8.878
1.284 6.550 12.375 6.411
12.542 8.193 22.679 0.113
2.571 23.700 5.718 21.919
3.471 0.193 1.028 4.031
18.772 16.277 8.204 0.249
29.511 6.815 19.214 15.916
15.120 13.735 16.013 13.616
0.185 3.272 3.213 0.443
13.675 7.612 1.587 4.447
1.935 0.992 3.150 17.275
8.928 10.399 7.533 1.424
1.833 3.880 8.129 2.253
1.986 1.317 10.723 4.043
14.247 1.399 6.981 29.998
10.818 9.401 22.563 1.320
1.419 5.539 10.724 15.892
7.326 12.050 27.314 6.712
8.313 5.074 12.922 2.175
0.743 5.174 5.982 8.288
1.839 9.349 24.258 0.606
10.993 15.088 0.516 0.227
10.135 15.302 2.304 0.741
5.697 5.757 1.810 5.365
5.105 5.003 2.958 1.535
30.280 10.966 13.476 7.495
8.572 1.361 9.353 4.372
3.499 10.772 7.028 8.943
11.254 5.658 0.158 7.460
12.250 1.543 3.829 6.969
7.549 5.433 5.470 8.964
10.081 13.599 3.055 6.822
1.275 7.521 1.333 6.362
5.563 2.991 10.293 4.039
0.304 15.045 7.060 0.284
1.942 8.193 5.077 2.505
9.588 2.072 27.219 10.407
9.780 10.411 4.015 15.011
5.907 2.421 22.538 8.752
0.963 23.075 1.934 22.990
14.626 15.783 5.813 8.410
17.000 9.733 9.264 5.090
7.927 11.717 0.966 16.497
5.035 13.260 8.935 7.648
10.222 4.534 1.326 5.248
14.306 1.766 2.775 2.170
4.727 1.105 8.214 3.908
2.923 6.855 15.350 6.709
5.816 16.600 24.068 11.297
2.799 11.263 24.235 18.358
15.284 11.161 1.998 3.017
7.954 6.523 8.772 2.833
3.156 9.624 5.013 15.609
21.570 8.282 8.188 7.150
1.378 6.756 3.417 5.666
6.915 7.428 3.779 17.017
0.070 1.040 7.062 6.972
18.588 11.945 12.097 11.994
6.014 1.740 2.631 1.120
16.280 11.089 16.070 1.880
3.736 10.271 6.851 9.283
13.918 12.751 1.992 29.460
8.689 3.394 23.550 2.783
4.142 10.444 8.322 2.514
4.982 6.517 20.297 2.644
6.016 8.931 3.456 6.425
33.050 3.061 0.075 25.521
1.456 3.509 4.455 27.620
13.811 1.920 0.149 3.766
0.503 1.860 12.825 0.844
5.717 3.462 4.461 0.253
16.023 5.873 3.994 3.813
11.459 12.713 6.744 7.905
4.805 13.052 0.938 13.615
8.193 5.633 3.886 1.646
10.792 2.194 1.737 4.401
3.027 11.213 8.609 2.700
8.683 5.068 11.701 3.255
14.619 1.748 4.740 15.075
4.088 8.087 13.220 8.426
15.466 14.238 15.286 17.653
5.657 7.137 13.092 2.972
3.908 5.120 15.781 5.576
7.185 15.812 15.325 2.130
5.267 0.834 0.395 5.761
2.588 6.575 6.638 9.240
7.388 7.677 3.810 4.479
7.637 10.802 5.254 3.006
2.580 2.325 20.777 11.164
2.351 0.172 4.489 10.158
6.375 14.029 1.193 16.331
13.032 9.310 3.145 10.711
6.752 3.377 5.249 4.437
4.928 16.023 16.586 4.049
6.317 8.059 8.836 0.370
9.140 6.491 5.242 8.180
28.296 5.205 15.394 13.485
7.101 19.398 13.864 4.216
12.145 13.169 4.654 1.735
15.523 3.130 14.459 1.859
7.589 3.071 11.676 2.468
1.188 4.496 7.802 9.027
19.774 4.055 2.081 12.921
7.525 12.389 0.438 24.446
8.099 9.471 15.090 6.898
0.391 6.601 10.053 2.805
13.506 5.772 1.403 4.239
24.035 11.897 9.461 6.802
7.896 12.570 6.218 3.648
2.940 4.847 7.339 5.768
5.681 12.876 12.653 8.365
7.804 11.498 20.735 11.865
1.862 7.098 7.596 2.110
13.399 1.051 17.305 11.112
6.589 11.631 3.919 0.649
3.797 5.640 0.163 1.826
10.131 12.086 6.024 1.286
0.465 0.808 2.847 0.758
8.247 14.714 9.265 5.364
3.348 17.591 10.386 10.124
2.281 13.378 10.937 3.920
10.722 3.391 2.613 1.540
10.906 11.281 2.678 1.060
3.837 4.337 4.623 15.555
10.340 2.632 12.034 6.000
0.097 3.001 4.488 2.044
13.903 4.030 21.060 1.564
13.155 7.888 2.682 20.358
0.236 0.435 5.628 13.379
9.448 3.883 0.955 10.099
21.086 12.001 13.961 9.228
8.359 6.457 0.469 19.080
8.074 12.737 2.716 2.149
12.974 13.021 8.425 9.924
1.693 10.746 12.440 9.554
6.964 18.691 13.741 18.300
1.411 6.865 2.952 0.660
6.720 1.250 5.114 1.081
1.070 9.330 0.496 13.604
11.452 2.702 1.782 4.333
9.158 19.440 3.550 0.821
0.830 0.720 7.962 12.936
0.351 10.569 9.208 6.015
6.878 11.200 1.213 16.131
7.858 3.989 5.251 16.547
8.723 12.338 16.035 7.081
0.907 15.207 9.516 24.645
3.741 6.568 5.961 3.369
4.280 7.482 0.719 3.305
0.782 3.145 10.236 2.026
4.557 2.210 9.274 1.069
11.444 3.679 6.252 9.748
4.081 10.303 0.458 18.094
2.992 6.682 5.137 6.915
7.972 2.235 2.662 4.973
6.947 4.132 2.014 23.591
11.055 14.088 11.176 7.421
14.756 16.076 13.683 2.308
4.236 2.141 10.366 1.610
5.130 3.749 5.726 14.239
9.951 0.998 15.161 0.026
15.889 13.032 22.807 9.588
9.284 2.928 8.463 2.594
14.118 10.858 19.243 9.371
5.679 1.337 2.203 12.201
7.027 1.147 15.786 1.428
4.820 9.005 11.190 0.274
1.848 4.393 13.564 6.408
3.216 14.210 14.800 12.225
14.422 15.635 15.620 5.803
15.742 27.607 1.759 5.382
17.607 4.307 14.272 12.514
2.172 17.409 1.196 11.966
0.575 4.091 20.484 8.371
0.705 2.188 0.977 1.828
0.305 4.838 23.865 15.407
13.995 10.489 7.300 3.573
6.844 9.019 1.161 11.487
0.884 3.659 1.458 15.735
15.644 0.315 15.503 2.694
9.732 18.395 9.512 9.740
18.584 2.780 16.290 2.775
9.164 5.215 1.945 7.137
15.590 10.237 8.405 1.219
0.950 0.582 11.721 14.655
5.172 1.391 0.409 16.665
5.831 1.485 4.564 16.332
3.198 12.157 15.779 6.685
3.129 12.961 5.640 6.502
5.921 4.821 1.227 2.729
3.670 2.795 9.805 10.232
9.411 3.231 1.195 10.258
4.142 9.663 13.570 9.282
5.718 12.761 6.329 24.207
22.316 6.871 17.881 3.629
1.678 17.796 21.594 4.855
4.984 4.582 3.439 10.729
0.375 4.979 9.492 8.706
8.989 2.982 1.992 6.140
9.807 6.305 22.386 11.788
3.241 0.021 3.599 13.179
3.774 12.878 6.585 0.880
0.036 2.109 2.456 6.023
4.716 2.210 6.651 3.599
1.148 6.901 0.811 13.439
12.300 0.975 6.689 4.065
4.776 5.321 7.137 3.589
5.035 6.073 8.618 3.130
11.659 17.700 9.537 15.136
0.392 7.760 2.208 1.181
11.716 14.926 7.999 3.104
11.548 3.481 30.918 22.026
6.854 2.122 11.572 13.890
10.273 12.863 3.557 10.426
10.918 16.680 9.404 23.116
1.134 0.530 3.156 7.072
22.895 4.598 1.684 6.021
9.311 4.245 10.248 2.645
3.094 6.957 17.178 6.197
0.969 15.295 3.264 10.404
6.548 12.328 8.150 11.769
8.564 8.603 9.049 9.409
5.956 9.087 11.032 11.334
1.453 8.208 2.935 10.313
12.845 6.792 11.061 8.997
16.779 3.392 0.593 15.107
2.811 5.693 0.248 13.697
3.326 10.760 24.597 3.560
8.866 16.865 6.436 12.813
1.952 0.623 16.483 8.449
6.059 1.125 20.616 8.330
4.631 0.016 10.988 4.139
3.928 3.103 1.942 2.345
10.636 10.779 2.998 2.712
14.496 15.545 0.424 11.372
1.883 5.458 13.941 2.667
23.517 7.332 2.006 15.069
9.151 12.128 6.124 0.613
1.861 4.368 4.456 2.675
10.015 3.664 24.537 3.428
2.694 3.099 16.649 5.103
5.963 3.091 10.806 11.102
3.072 12.807 5.540 1.717
0.105 14.438 7.206 1.038
9.980 5.035 4.090 15.464
13.047 26.245 9.484 7.433
11.316 12.501 5.626 13.862
6.275 2.803 4.453 8.267
5.293 7.907 3.398 16.935
0.384 12.491 13.801 25.908
16.409 10.540 7.870 1.983
1.408 11.622 1.450 0.785
4.222 32.522 1.276 13.436
9.600 3.833 9.557 4.227
3.229 16.745 9.433 4.988
16.980 21.417 13.604 7.800
4.226 12.187 2.512 5.112
1.698 19.147 19.039 0.631
16.490 21.552 24.775 10.277
3.761 10.869 6.346 8.353
3.868 6.184 7.979 9.733
2.842 4.923 4.875 0.966
16.349 6.726 5.948 2.124
1.097 5.455 4.373 10.580
1.103 3.978 1.302 5.749
4.169 5.882 15.609 2.001
18.309 8.329 8.265 15.417
4.965 0.347 23.906 3.348
10.573 3.460 6.691 9.605
16.235 16.757 6.397 8.436
4.912 9.843 7.330 1.029
11.036 7.424 6.012 15.745
6.003 5.902 14.327 5.555
11.945 5.700 4.589 0.971
5.288 6.057 5.462 1.933
9.822 3.285 19.053 1.610
5.548 5.856 13.818 0.572
15.213 6.931 1.827 2.424
2.939 17.622 19.925 14.896
7.983 5.604 1.315 10.297
3.836 8.645 1.338 3.174
2.439 9.334 16.496 2.364
7.744 20.606 5.541 6.716
4.033 17.635 11.915 2.102
0.237 5.287 4.238 17.344
10.316 4.661 3.104 3.605
4.320 7.647 0.570 16.523
14.756 8.731 7.750 12.511
10.425 0.477 4.665 1.668
4.197 2.339 14.007 5.149
11.598 7.151 16.917 5.358
9.712 9.385 6.787 16.264
8.949 19.226 16.172 1.137
22.972 4.304 8.395 11.135
4.630 11.023 17.942 9.942
25.921 19.694 5.384 10.392
0.189 9.732 2.560 30.995
5.490 6.828 9.601 7.528
7.958 0.348 9.420 4.800
11.525 1.987 7.332 2.259
4.962 9.718 12.159 0.599
14.095 2.240 1.112 10.463
4.098 4.741 3.220 5.180
5.895 9.864 5.696 2.249
8.070 22.365 11.191 15.770
6.167 12.723 10.580 7.893
7.328 4.169 2.008 1.230
11.008 16.000 1.378 13.056
0.448 4.700 2.113 1.886
0.659 5.079 13.535 10.615
1.357 1.666 3.135 0.198
0.102 9.536 10.538 7.173
17.802 10.640 0.818 3.773
17.297 19.978 4.991 13.635
17.571 7.942 3.103 11.991
9.909 3.338 15.907 3.474
1.194 3.492 15.166 14.129
16.521 5.931 9.455 10.881
10.289 3.333 6.646 14.881
5.659 7.086 14.759 10.753
10.911 15.181 14.213 14.369
9.030 18.111 4.274 6.681
7.496 6.845 0.804 2.125
3.043 4.337 16.780 0.291
2.551 7.911 31.717 15.948
13.610 2.394 10.463 3.214
1.614 13.603 7.808 3.076
7.359 4.247 5.569 20.659
9.037 12.476 10.391 2.763
11.692 17.029 2.288 18.608
17.900 0.155 1.554 0.715
9.114 5.938 11.385 0.665
16.270 4.593 13.357 11.137
4.826 11.799 2.369 7.374
5.487 10.010 3.152 2.149
8.282 9.967 0.096 6.142
5.511 3.530 12.493 11.909
7.002 15.033 5.575 24.036
0.106 5.462 6.703 8.272
5.573 4.569 14.767 7.735
2.118 7.892 3.694 6.217
9.569 9.932 0.205 24.007
4.382 9.469 13.174 17.099
14.274 5.932 0.470 3.593
17.279 3.411 2.995 3.327
9.743 1.666 9.931 3.420
8.100 16.812 8.001 1.155
1.087 1.756 2.500 0.296
12.255 7.249 4.023 10.246
0.109 11.860 20.798 1.899
22.823 24.837 10.854 3.590
15.902 10.493 5.542 17.689
10.944 9.735 2.161 14.964
5.866 7.674 9.976 10.518
7.887 10.394 2.344 4.208
0.773 9.790 21.752 11.158
5.089 4.624 25.199 3.049
3.903 12.472 5.161 12.271
10.595 4.005 2.507 2.405
6.112 10.667 5.981 2.281
1.944 4.191 4.698 10.762
13.131 13.787 34.578 2.814
4.875 16.466 9.423 3.763
5.729 5.610 2.627 1.453
0.304 6.911 0.318 18.406
3.446 14.606 8.507 10.450
17.220 24.761 4.068 11.008
3.927 2.744 10.335 0.370
8.289 12.751 8.095 5.168
7.796 11.176 17.275 3.988
6.765 1.355 13.221 8.167
12.528 8.003 1.544 3.426
9.689 2.534 8.876 1.084
0.265 0.192 16.568 6.362
7.756 2.606 4.039 2.173
3.263 11.248 0.881 20.861
18.052 2.696 1.129 0.616
3.278 4.323 1.485 15.644
11.024 17.658 4.074 1.693
15.284 8.779 3.666 18.055
0.207 14.433 19.957 8.287
7.417 13.462 23.465 16.709
20.440 5.934 17.624 1.965
6.449 0.087 5.189 15.690
2.427 0.631 10.561 10.822
3.384 0.902 10.748 3.120
7.297 7.281 8.285 10.462
7.027 8.773 18.817 8.714
13.327 1.867 5.098 7.656
6.055 4.972 0.088 5.957
8.839 17.397 0.702 19.824
4.328 7.659 0.415 4.664
22.258 6.147 0.909 11.810
8.839 3.807 3.529 10.961
11.214 0.485 19.142 13.123
3.086 0.140 7.014 5.677
7.348 16.196 7.830 5.100
5.672 23.314 10.321 1.880
8.194 11.968 17.137 4.884
5.244 7.824 2.504 9.764
6.874 4.850 0.370 16.355
15.013 15.333 1.294 7.505
2.237 3.450 8.221 12.327
2.128 2.107 8.390 6.435
2.405 11.682 7.851 1.478
20.008 13.344 21.913 3.304
5.012 19.622 13.099 6.539
7.059 20.745 17.429 5.055
26.545 0.003 2.154 4.185
1.410 5.853 12.491 10.170
4.544 0.384 0.616 6.795
0.668 0.845 14.826 2.210
6.650 6.067 2.305 13.483
8.354 8.915 11.071 0.976
17.817 7.965 1.327 12.948
5.690 5.426 3.110 2.431
12.619 0.966 1.029 3.269
18.742 8.764 11.516 7.336
13.425 6.866 5.400 9.609
8.043 6.028 5.933 17.152
3.201 7.259 12.461 6.834
1.809 13.176 9.929 2.255
19.614 16.405 14.368 4.996
5.747 21.954 5.892 0.874
17.705 19.353 14.915 1.388
8.000 0.443 4.257 1.458
8.727 19.385 9.965 2.627
14.889 4.648 6.001 6.609
11.376 2.540 17.370 3.806
1.649 9.870 2.952 9.308
5.913 2.362 11.829 4.907
14.074 0.442 8.822 2.506
25.867 11.914 3.426 1.465
5.541 13.098 6.520 1.252
0.337 6.466 10.959 10.572
11.562 11.544 9.664 15.887
1.731 12.265 4.423 4.411
1.415 5.447 14.244 3.964
0.970 10.573 3.713 6.014
9.120 0.306 22.413 13.446
6.782 7.680 15.103 12.271
3.639 3.979 10.139 2.908
1.736 16.438 4.870 15.090
0.578 8.516 3.095 4.663
7.664 5.255 5.646 13.771
18.235 12.191 19.581 9.278
23.821 14.180 3.282 2.955
6.328 23.181 15.413 14.115
10.635 9.105 11.235 7.734
2.520 19.624 9.497 8.831
9.325 5.665 2.656 7.289
14.475 5.078 24.989 2.143
21.443 3.863 1.920 2.344
26.006 6.118 12.233 1.953
8.204 2.053 6.561 6.341
4.344 3.800 8.751 7.422
6.982 12.818 16.970 10.262
6.661 0.372 12.981 10.231
3.213 3.954 6.335 9.017
10.116 0.435 4.067 14.658
14.004 9.940 2.987 9.119
18.324 2.689 1.125 9.921
17.890 5.531 6.198 1.692
4.833 6.169 3.028 11.095
6.604 31.955 0.252 7.757
9.218 10.335 14.382 7.156
4.961 1.515 5.343 10.833
11.094 7.542 2.407 2.082
2.318 12.706 13.792 10.504
9.076 4.402 3.837 9.427
1.361 0.179 11.503 19.656
5.942 0.353 20.187 11.044
12.668 4.491 7.896 10.351
8.133 3.043 9.777 4.761
13.342 18.157 4.441 16.688
0.763 11.123 8.754 19.818
12.493 24.730 16.535 3.205
4.748 11.462 1.905 1.218
0.657 8.194 13.129 21.537
1.937 5.279 9.066 10.227
9.566 11.923 27.057 11.529
0.283 12.053 7.505 4.927
4.850 14.773 1.013 22.171
7.339 5.566 6.709 10.054
10.904 21.557 1.257 5.297
19.964 13.318 3.813 7.932
1.698 7.387 3.547 4.392
11.665 6.816 3.099 4.687
17.679 12.801 0.514 17.564
6.384 14.144 16.896 7.119
15.636 10.456 14.972 9.322
5.273 11.069 11.260 2.138
19.342 13.710 8.265 13.243
3.954 10.772 2.310 9.325
20.088 11.653 2.698 5.263
8.071 9.196 10.587 20.906
4.751 2.773 6.060 4.258
2.722 1.377 0.687 3.142
5.459 5.171 4.592 19.389
9.347 9.508 1.585 19.160
2.164 3.100 8.575 9.150
5.144 7.069 4.608 3.587
1.915 4.497 0.624 12.498
4.509 4.876 2.520 15.379
5.486 9.956 4.872 2.204
0.457 9.912 20.196 7.988
4.253 9.211 10.385 2.660
6.134 9.722 5.541 4.176
0.851 18.267 15.281 3.037
9.324 2.592 7.704 0.010
15.928 13.447 0.922 12.857
4.638 19.404 20.175 5.127
6.826 22.003 20.396 1.219
2.968 10.338 17.067 4.081
10.445 5.647 7.499 1.613
1.792 3.000 9.448 15.363
11.144 4.127 11.876 0.505
21.674 6.875 1.786 0.201
1.738 1.109 22.490 18.530
8.198 5.591 15.406 25.413
0.355 10.308 10.476 5.968
17.872 25.450 6.713 10.488
1.913 1.820 2.286 9.186
11.857 9.046 13.353 1.986
19.313 20.012 9.306 1.577
3.055 6.479 1.041 5.355
12.804 7.824 12.118 2.085
2.695 13.045 4.165 6.740
4.023 1.205 1.654 17.593
2.503 2.024 1.281 0.225
20.739 27.121 6.962 6.069
3.024 7.780 21.450 10.220
5.622 3.935 10.392 20.126
16.835 0.973 15.123 0.043
2.114 10.425 3.945 9.672
2.654 7.392 7.293 3.459
20.527 0.728 7.105 20.736
2.922 1.993 13.002 7.475
3.841 4.817 2.862 5.743
8.397 15.507 0.857 0.879
0.114 12.846 2.984 28.280
19.250 7.950 13.326 3.530
0.103 7.678 10.996 9.346
8.688 0.536 17.835 4.814
8.397 0.711 6.253 8.431
0.682 12.523 1.838 1.620
18.142 5.418 2.397 5.355
4.109 9.077 17.215 20.711
13.971 13.114 5.860 16.268
6.468 13.163 7.230 10.695
3.890 9.947 19.910 5.669
5.056 18.741 1.728 15.770
11.990 2.644 4.570 10.514
0.606 2.452 17.396 14.781
1.112 1.922 14.446 8.322
0.494 12.511 5.000 7.489
9.180 4.608 8.324 1.296
5.370 6.198 0.180 1.681
12.269 26.489 7.822 3.395
5.227 15.006 7.898 2.925
15.359 11.971 18.042 19.475
6.327 25.327 10.630 11.550
3.853 24.847 0.126 4.321
29.052 9.204 1.533 9.021
2.741 16.012 0.500 8.412
8.903 14.307 22.824 8.354
6.531 9.979 9.043 4.515
18.398 4.494 5.527 4.433
11.157 12.611 5.714 17.204
3.086 10.274 7.789 0.145
0.413 10.440 3.498 11.720
8.681 2.594 12.322 22.601
7.732 7.129 17.644 12.929
19.578 33.052 1.910 24.342
11.400 19.236 1.295 11.940
0.581 0.257 4.672 18.776
12.085 0.278 4.621 6.870
8.393 1.464 11.784 3.569
15.471 14.683 9.196 8.479
18.211 6.429 2.735 3.229
5.516 8.231 1.303 1.672
2.222 8.147 0.440 10.591
1.432 16.775 12.916 7.485
4.812 8.316 7.989 8.577
11.191 0.623 10.529 5.994
1.058 3.803 3.129 4.002
4.937 3.920 0.075 0.815
3.564 0.356 2.662 1.810
6.643 6.462 5.984 3.988
0.617 12.827 6.672 4.342
1.610 5.792 13.775 17.597
7.262 5.506 12.876 4.843
10.634 7.073 5.418 8.494
14.871 0.833 2.535 3.234
2.205 10.258 5.670 0.455
4.377 8.430 8.656 12.323
7.555 4.187 17.801 4.864
23.274 0.821 2.354 4.638
16.009 7.703 7.918 5.730
2.148 14.830 11.397 6.333
21.824 11.545 8.177 0.783
2.666 11.263 5.101 0.269
1.940 10.735 1.968 6.417
8.992 0.740 11.257 8.779
11.269 2.391 5.514 4.785
19.022 4.163 5.738 19.667
17.973 0.860 6.736 10.771
1.917 4.391 0.520 10.681
5.544 0.020 7.448 4.042
1.825 4.852 2.462 3.943
4.902 2.551 2.613 1.019
0.103 10.673 5.703 0.274
12.449 4.327 16.644 9.153
13.124 15.499 10.061 2.962
12.607 7.385 0.616 1.198
10.035 7.084 4.936 17.895
25.762 9.222 10.313 14.243
3.121 12.773 5.747 15.002
1.370 5.343 7.009 18.629
7.578 3.346 16.914 11.993
13.979 15.947 9.236 11.320
19.178 24.308 6.883 2.786
8.110 0.096 3.991 12.333
5.280 16.431 2.288 1.568
11.341 4.036 13.230 6.516
9.657 7.280 13.823 19.508
14.348 4.919 9.251 7.320
15.606 1.797 5.725 0.114
2.389 3.966 1.204 20.528
12.550 0.502 11.009 14.700
4.075 7.408 2.929 7.144
17.188 10.560 5.843 5.426
6.020 6.510 7.206 1.462
0.618 4.296 5.956 2.645
2.486 21.448 3.889 0.287
7.980 12.812 1.829 15.676
14.746 3.042 10.102 20.483
7.146 16.143 7.571 5.549
9.992 5.502 13.730 5.511
0.104 7.379 2.844 19.946
7.046 12.670 0.834 8.811
8.277 17.813 9.512 14.051
2.553 8.067 0.797 4.763
6.019 2.370 13.542 14.204
2.487 4.227 12.683 8.011
5.500 4.466 23.210 5.081
7.861 15.674 2.524 17.889
14.920 10.767 17.086 5.907
9.204 1.383 6.068 9.674
14.430 16.097 14.990 2.581
11.845 0.947 6.035 4.662
5.699 3.182 7.937 8.227
22.294 1.714 11.018 15.595
3.410 14.200 15.499 8.137
13.886 1.801 28.922 5.794
7.893 6.502 9.203 8.967
1.349 11.542 19.220 21.805
2.929 17.259 10.308 11.429
14.238 8.328 0.719 3.993
10.689 0.204 0.818 12.393
20.397 8.609 5.029 14.634
3.645 15.361 5.442 12.928
6.543 18.626 10.731 3.792
8.003 8.058 13.011 0.271
16.260 10.609 1.196 0.540
15.365 17.149 7.512 7.921
13.971 5.421 7.966 5.076
13.118 12.776 6.910 12.174
1.247 3.955 16.035 7.004
2.611 16.271 8.565 6.699
7.529 15.024 20.785 0.487
2.309 3.843 3.869 11.354
6.251 20.692 25.121 2.732
10.857 12.235 6.078 4.189
19.849 14.980 18.627 3.994
4.362 6.659 13.884 0.090
4.674 10.240 6.003 9.073
5.501 10.510 7.180 8.677
1.946 9.465 3.933 6.174
2.469 3.848 2.381 16.468
3.757 2.506 3.810 4.081
15.959 0.573 3.088 7.891
14.025 2.794 2.981 5.324
7.690 14.993 5.747 22.343
2.444 2.143 9.634 7.959
3.010 6.899 20.723 7.757
1.471 13.083 1.775 2.769
11.219 13.493 0.113 5.848
6.872 11.307 16.610 8.260
6.768 16.313 8.488 4.574
2.400 0.667 19.276 2.659
2.278 1.401 0.717 1.127
9.120 0.180 0.336 1.040
8.555 22.170 7.107 1.597
0.888 3.535 1.417 8.971
3.275 1.544 0.068 3.610
15.660 4.574 8.324 0.940
9.456 5.567 6.831 6.089
2.319 7.068 5.321 7.816
9.936 8.637 2.600 11.280
8.614 8.679 15.475 0.931
10.822 10.913 3.900 17.697
3.115 11.798 6.390 1.000
2.953 11.967 4.173 4.637
9.541 15.101 2.607 2.702
9.253 6.780 8.191 6.334
4.233 10.924 21.424 5.145
4.230 2.573 10.045 6.509
0.689 17.451 4.796 1.544
9.930 2.568 5.364 10.328
12.274 19.357 1.505 1.919
6.271 0.745 15.448 0.610
15.330 0.041 7.579 7.534
5.442 6.729 1.766 1.634
13.867 11.001 1.859 7.607
13.075 0.429 26.479 0.932
9.208 0.744 16.402 1.496
7.306 12.123 9.287 6.911
7.358 4.029 3.179 11.094
8.018 2.413 9.502 7.663
12.225 2.552 12.439 4.746
14.336 4.962 7.994 4.698
5.294 0.166 2.776 3.584
2.994 1.632 10.608 2.314
14.195 4.314 2.410 0.195
12.519 5.247 16.412 10.780
8.514 6.950 15.654 11.559
7.335 1.142 4.348 19.647
4.548 13.636 2.233 10.016
8.963 6.049 6.544 3.300
3.323 6.456 8.373 1.592
1.592 4.634 16.653 1.143
2.788 5.349 1.062 6.889
10.019 13.831 6.449 2.664
1.189 6.102 4.237 1.461
1.830 12.627 14.347 4.826
6.678 10.105 0.964 0.110
14.669 1.724 19.226 3.488
15.929 2.474 9.631 0.554
1.167 1.763 9.219 3.722
1.882 15.676 6.320 3.955
13.549 11.953 8.853 4.432
12.823 8.027 12.797 8.328
7.759 13.994 1.829 19.393
0.158 7.606 3.552 2.048
2.493 11.620 6.641 11.710
3.632 1.931 11.218 0.613
2.575 4.292 4.098 6.446
1.789 2.443 0.703 12.018
8.079 16.208 8.656 3.918
3.318 18.549 1.624 13.806
24.340 11.530 3.037 11.278
1.765 8.377 10.774 8.867
30.214 3.350 6.176 5.224
0.535 0.050 1.420 0.441
5.273 7.949 18.214 1.666
14.986 4.359 14.484 6.667
4.195 4.557 16.440 6.728
2.896 3.175 9.661 3.714
2.889 2.665 1.884 7.014
0.826 5.430 14.295 13.960
10.451 6.639 0.408 16.783
0.257 10.461 2.282 7.387
5.907 6.896 11.575 4.944
24.947 4.815 0.213 10.778
17.966 3.086 3.384 24.729
13.944 3.153 14.430 16.978
3.460 8.118 3.574 0.086
9.890 1.063 6.062 0.732
8.969 1.073 7.827 2.351
7.671 3.315 19.118 5.949
8.623 2.916 11.657 10.972
4.732 6.068 8.273 12.106
9.807 5.406 4.788 1.451
32.121 4.708 2.316 4.891
2.746 5.153 7.062 0.035
4.215 4.976 1.508 4.396
2.245 7.645 1.058 7.139
0.614 10.405 13.474 1.503
0.740 4.643 3.407 0.258
2.582 6.377 9.879 12.261
0.219 10.594 0.595 1.380
6.516 1.092 13.011 8.434
2.809 13.014 2.164 2.151
16.911 16.213 7.068 18.193
2.105 15.421 18.277 2.471
3.489 2.451 12.777 9.946
15.990 5.616 17.418 3.575
6.901 15.155 14.853 12.276
6.450 2.519 7.183 7.917
15.744 6.328 2.637 16.478
0.534 12.919 16.026 1.214
5.539 0.864 4.197 6.119
3.824 2.244 12.391 10.747
6.887 12.723 6.064 9.565
4.643 6.966 13.975 3.383
1.953 4.045 17.737 20.532
10.134 4.059 2.483 6.484
12.884 8.965 8.326 13.073
15.150 3.677 2.050 0.519
13.191 12.442 7.704 0.631
5.988 4.077 2.297 20.159
0.334 15.897 8.351 2.409
4.004 13.399 12.147 11.797
4.141 14.217 16.101 1.428
3.744 6.069 2.819 17.245
7.436 1.348 0.291 5.798
0.344 11.964 13.870 3.615
7.719 17.848 10.636 0.195
4.739 2.792 6.938 16.339
1.050 9.462 8.391 4.687
19.310 9.179 1.465 4.873
11.937 20.117 17.584 0.552
13.285 7.306 16.207 13.067
6.945 13.282 5.236 8.361
15.711 20.966 1.034 15.630
13.952 2.177 2.597 2.824
6.244 20.084 1.397 4.914
22.197 11.917 8.564 0.472
7.380 6.396 2.613 2.316
5.418 3.145 4.507 2.244
0.900 1.982 7.671 5.635
11.219 8.424 2.260 11.347
26.559 18.527 3.314 6.003
15.844 15.644 3.140 25.198
6.680 3.586 9.681 1.413
5.697 12.254 1.065 3.530
1.939 2.378 3.954 17.696
17.503 0.848 1.479 6.956
6.719 1.477 0.021 4.769
12.916 4.912 5.560 13.232
12.245 7.011 17.783 7.112
2.225 2.669 5.729 0.428
9.902 0.103 5.078 12.598
0.193 0.942 13.219 13.155
1.602 1.872 7.339 2.123
4.934 15.630 2.407 5.286
1.913 5.711 1.055 1.145
2.906 6.719 8.887 6.669
3.441 2.083 29.635 7.886
18.587 13.957 12.964 11.057
13.196 3.274 0.544 16.775
20.919 2.137 10.854 3.059
15.233 12.439 12.097 6.875
3.240 1.407 6.225 2.512
10.126 1.056 6.138 0.496
1.253 1.133 7.291 6.936
0.652 3.077 1.974 10.171
1.270 3.179 2.273 12.152
1.079 13.656 0.941 5.238
20.778 27.121 12.499 18.145
2.515 0.900 9.667 1.685
2.925 0.707 1.495 5.563
1.113 2.893 2.922 0.053
21.100 0.287 7.583 6.554
7.793 24.689 6.329 2.581
2.783 18.002 0.118 14.223
0.017 1.142 2.055 0.021
19.971 4.946 16.644 6.030
8.392 8.183 8.767 5.094
6.002 3.049 16.134 13.174
10.201 0.283 0.697 4.925
12.846 3.885 2.819 2.366
18.972 11.179 1.842 13.571
8.849 15.739 1.900 1.498
13.754 6.210 6.049 20.680
6.724 8.729 7.648 13.315
5.900 8.311 1.178 0.846
11.473 15.782 3.832 5.908
0.820 6.511 13.420 11.589
14.659 7.139 1.187 2.458
7.161 10.079 14.364 15.031
6.671 2.982 8.994 6.349
5.885 5.383 4.620 7.711
5.480 10.169 10.339 4.924
5.208 1.911 15.146 10.779
3.374 8.025 3.273 9.659
6.004 15.297 14.266 13.404
7.955 1.652 12.045 14.217
0.253 7.334 12.504 4.424
3.352 6.278 8.421 5.363
5.000 0.046 2.414 15.959
14.954 7.967 8.207 3.179
1.257 9.494 7.457 7.329
6.011 10.081 5.023 4.730
6.145 5.909 3.993 19.399
12.629 9.299 0.564 1.785
16.135 24.531 3.866 16.101
0.107 15.617 20.483 7.588
0.605 4.527 8.051 18.349
5.608 15.830 4.192 2.743
1.772 16.036 1.804 9.319
7.117 17.130 10.031 0.664
16.111 8.358 4.706 7.135
8.742 4.694 2.396 11.646
3.250 0.857 1.084 9.593
4.578 2.642 0.283 1.631
9.422 18.097 16.417 1.109
15.234 10.214 3.729 2.807
10.453 6.461 8.870 9.238
17.439 3.699 0.400 0.187
10.951 1.660 11.564 13.612
1.472 1.600 31.229 19.908
12.935 6.749 14.774 11.745
4.903 6.373 4.806 1.803
11.541 6.157 2.622 11.678
1.072 11.856 0.443 3.980
10.393 15.981 5.307 5.665
20.535 5.965 26.295 1.758
6.072 4.211 3.401 4.231
19.698 0.924 3.332 11.801
8.029 23.749 2.476 21.204
4.962 9.888 6.810 4.454
7.581 0.068 20.685 3.207
2.883 6.479 4.756 8.529
17.467 10.141 9.138 4.718
0.339 0.196 4.489 5.005
6.585 2.278 6.356 1.830
3.244 2.527 8.182 19.282
1.156 12.482 6.650 5.899
2.321 2.699 1.372 6.550
14.750 0.546 1.217 12.653
24.652 9.548 13.656 2.947
6.986 2.153 4.774 2.182
14.149 3.818 23.372 8.330
2.606 5.417 11.778 4.516
7.789 10.362 13.048 10.670
0.233 2.506 18.556 4.341
12.669 5.473 22.285 9.452
4.990 15.639 4.815 1.242
12.305 0.112 7.229 10.110
3.032 4.234 3.899 2.962
17.470 4.492 12.945 9.153
0.268 2.162 1.972 9.136
9.637 4.465 0.074 14.797
4.061 9.488 7.484 15.643
4.429 0.069 0.165 13.188
2.023 3.343 4.301 3.285
1.921 5.875 1.218 0.982
20.046 5.475 2.188 3.797
15.934 11.808 16.111 5.547
14.402 4.106 2.602 2.142
3.101 9.377 0.675 2.816
1.552 1.534 16.704 6.688
13.730 9.068 3.883 13.794
1.826 6.644 8.455 0.372
1.739 20.129 13.140 7.436
0.660 4.406 3.878 2.164
3.695 4.466 10.567 0.106
8.842 9.278 7.007 10.278
5.755 7.730 9.453 17.415
0.841 8.631 9.610 1.137
9.675 2.392 7.298 1.643
8.701 3.796 7.011 8.230
7.606 3.545 3.240 8.914
0.082 1.778 1.391 2.145
5.170 0.341 1.392 15.540
4.518 2.891 3.959 12.451
9.026 9.678 9.977 16.930
9.648 6.142 6.993 7.995
6.188 3.740 3.025 4.054
5.849 9.381 15.524 21.965
2.487 5.460 5.990 11.263
4.846 9.117 5.343 15.393
27.510 2.150 12.445 11.912
21.499 0.875 2.723 7.345
8.122 5.779 0.484 9.648
3.669 11.210 29.367 2.037
4.712 9.624 4.711 11.591
10.781 6.099 5.645 0.782
9.743 2.003 17.462 4.202
3.464 5.696 16.709 10.611
11.352 5.585 5.491 4.820
21.190 5.434 9.623 5.551
2.559 3.080 1.988 1.026
4.624 12.221 0.998 5.052
10.332 14.472 8.001 11.975
15.692 4.318 4.605 9.177
19.325 2.944 8.872 2.639
8.101 8.993 10.625 16.564
1.807 3.420 17.717 7.720
2.600 10.487 7.178 9.173
13.165 1.105 4.735 24.626
10.564 4.508 4.374 9.506
1.606 6.672 5.147 3.835
29.742 1.175 7.381 3.504
7.195 7.533 5.154 3.222
9.076 20.628 11.899 14.950
4.020 5.409 7.021 2.079
3.930 1.985 9.912 7.611
15.188 10.767 13.141 6.787
5.137 11.433 4.360 1.111
1.602 2.382 2.861 16.738
15.638 0.601 9.083 5.829
1.350 4.551 0.449 3.633
16.784 0.277 2.130 1.526
7.266 12.271 3.212 3.356
16.303 9.709 9.110 15.158
5.792 3.724 4.558 4.292
1.489 2.267 17.180 4.340
5.489 8.223 9.433 17.347
11.254 5.871 1.856 6.387
7.311 2.067 11.350 15.784
13.553 3.401 10.440 12.017
8.396 2.981 10.326 4.933
13.557 3.748 2.315 1.004
11.569 2.672 14.454 6.474
7.472 10.029 10.687 9.103
5.174 5.447 5.798 18.204
4.839 5.983 13.444 10.642
2.537 8.643 4.580 26.185
11.767 15.838 7.667 8.444
0.228 17.382 3.849 4.195
8.631 6.196 23.981 11.246
16.942 6.158 0.269 1.325
15.405 23.138 13.830 8.973
14.065 1.595 0.828 7.288
0.251 14.649 23.284 11.101
3.351 20.079 9.961 5.400
2.786 3.825 5.421 12.044
4.697 2.344 3.740 5.071
9.507 11.625 7.578 6.690
13.210 0.783 16.708 4.356
0.278 7.839 6.223 2.130
10.276 3.622 7.775 15.170
11.823 25.932 3.013 8.015
3.822 1.281 7.789 14.528
8.555 1.610 11.283 1.979
8.833 5.439 3.834 10.940
11.349 15.395 11.607 3.621
10.293 1.655 0.313 14.618
13.152 9.885 13.640 6.882
5.267 8.938 20.803 4.796
6.871 21.513 2.425 3.953
10.184 0.643 0.359 0.494
9.918 6.331 9.189 1.927
6.658 9.370 6.400 3.062
6.405 10.304 5.711 4.604
4.293 18.830 4.725 16.085
0.838 3.424 29.212 8.768
2.323 1.763 6.194 8.528
19.793 3.599 9.684 17.990
1.573 2.798 22.392 26.606
0.081 20.244 16.186 3.469
9.987 3.994 8.437 2.094
4.002 7.525 9.195 0.936
12.132 26.316 3.394 1.954
8.342 5.490 7.278 11.023
6.792 13.218 2.379 18.608
5.911 0.132 8.405 7.816
20.227 5.512 8.898 1.371
4.188 11.771 3.372 1.009
0.494 12.418 0.977 17.938
13.374 7.628 4.349 6.976
17.273 8.484 4.500 2.979
4.906 7.668 2.632 0.166
6.150 0.508 3.332 15.949
8.282 3.807 10.791 12.086
4.244 1.698 3.805 12.017
6.287 11.467 9.883 2.160
6.554 4.152 4.373 7.577
8.141 8.421 6.945 12.844
15.042 1.537 8.065 3.820
6.558 12.201 13.179 7.002
0.594 0.262 9.730 1.316
11.442 22.063 0.383 5.142
4.352 3.273 3.049 13.209
18.779 1.289 6.104 15.558
20.753 7.651 0.416 5.491
6.127 7.462 1.745 16.656
7.811 6.174 15.009 6.573
5.085 10.108 14.789 4.840
2.580 19.385 0.590 1.928
17.565 2.930 12.445 1.639
6.786 2.817 2.768 12.945
2.702 8.295 7.138 6.568
0.258 0.411 10.032 5.007
3.990 3.810 6.354 7.534
5.965 12.265 16.628 7.667
13.679 0.920 0.799 2.853
11.820 9.770 9.809 3.454
2.782 1.634 6.546 6.470
4.403 2.575 5.579 0.254
1.889 3.200 1.087 6.576
11.323 4.166 2.583 6.918
6.990 1.784 5.099 5.942
7.396 5.131 3.983 18.402
9.249 2.907 8.028 4.577
14.021 5.650 17.744 9.104
5.342 8.563 0.201 11.063
7.300 6.627 6.070 5.669
4.353 9.663 4.815 15.162
5.558 14.477 6.969 2.397
25.153 8.228 0.082 0.605
11.041 9.227 9.314 14.304
0.532 16.020 1.652 16.459
13.589 13.344 1.919 5.235
6.292 13.636 7.402 3.005
0.793 20.874 0.837 10.800
9.134 1.463 9.487 6.186
2.976 18.443 3.353 22.303
4.494 10.120 4.169 16.070
22.015 6.584 17.416 14.051
3.586 1.151 7.142 8.977
10.881 5.498 6.237 9.835
4.596 0.767 12.197 23.907
3.182 5.053 0.970 0.754
15.607 3.771 12.739 2.330
6.346 1.896 6.402 6.505
3.721 16.306 8.607 2.308
2.520 1.644 8.883 6.058
16.211 3.466 3.906 23.259
10.507 6.444 10.237 3.010
6.474 5.479 9.028 2.505
0.669 4.159 5.711 11.388
5.523 18.654 3.141 2.191
8.414 3.495 19.010 3.990
15.206 9.839 0.195 9.195
9.308 6.769 13.371 3.790
8.115 2.230 11.816 5.360
26.904 9.309 19.181 1.331
9.973 2.798 1.753 15.871
3.480 1.692 11.070 3.076
8.016 4.498 0.830 16.010
14.921 0.287 4.126 2.561
12.876 15.846 6.656 5.532
4.588 2.280 3.046 2.337
5.643 12.431 8.046 9.579
7.752 3.318 2.385 2.659
1.337 9.216 2.293 9.363
0.657 4.398 6.796 2.597
2.441 25.449 0.291 2.604
11.961 6.725 4.062 20.291
15.993 25.974 5.700 19.570
13.390 11.872 3.221 5.157
4.433 4.804 6.771 6.611
10.483 6.166 9.647 0.209
1.431 6.831 3.429 3.915
23.503 5.608 9.850 22.741
30.025 0.468 9.688 24.884
6.336 5.150 3.293 8.563
7.620 10.746 8.505 6.958
10.921 3.927 7.761 16.465
2.616 9.171 0.350 12.142
2.674 10.822 18.161 5.404
7.383 3.946 3.888 22.001
11.068 4.514 11.958 9.351
19.031 3.029 3.543 4.434
29.677 14.871 3.657 6.258
2.517 5.753 5.065 9.036
0.465 9.633 3.502 16.826
21.286 24.630 4.627 0.928
2.551 13.331 5.046 0.691
5.597 7.144 3.645 16.410
4.892 2.704 1.721 8.626
16.835 11.598 17.599 2.665
3.542 14.459 5.283 13.647
21.669 0.055 14.695 2.024
9.834 6.041 1.279 0.853
4.224 9.376 12.753 8.434
3.187 8.835 10.231 16.565
7.993 6.001 4.471 3.669
3.121 14.970 0.900 0.985
8.384 7.794 8.394 0.314
4.069 6.697 12.759 11.093
0.346 6.460 14.214 6.232
4.953 10.596 13.836 8.636
22.701 11.264 0.010 8.264
7.056 3.038 7.775 10.476
4.061 2.083 19.427 11.922
2.061 14.911 8.913 6.147
1.615 8.366 4.574 4.132
7.846 15.755 8.597 7.940
4.683 13.949 0.600 8.816
8.082 1.505 18.735 5.056
17.937 24.579 3.936 13.486
1.790 14.319 2.361 9.427
11.680 13.655 2.763 2.262
15.718 0.577 5.456 2.810
2.329 12.147 1.390 10.371
0.271 0.967 0.744 6.813
3.663 5.731 14.364 3.548
5.316 8.265 2.584 10.268
3.198 10.013 0.887 16.320
9.316 3.639 3.519 13.553
5.648 8.310 9.332 11.751
5.382 11.314 6.816 17.258
4.248 5.493 4.335 4.504
13.924 4.449 6.621 1.694
5.682 2.973 2.257 7.950
4.170 0.667 3.723 0.576
5.242 19.482 7.580 9.639
5.892 0.734 10.769 13.909
6.355 1.061 2.273 7.421
2.928 4.014 4.912 12.337
9.606 6.652 3.110 4.602
10.179 17.168 0.977 13.005
2.105 0.782 3.678 5.881
8.147 4.085 1.584 0.892
16.922 11.544 1.839 4.002
6.183 7.928 6.342 5.506
4.906 6.218 6.155 10.906
5.933 22.716 14.801 10.950
5.001 12.437 7.620 3.285
8.493 1.392 6.221 19.655
0.892 19.490 6.257 18.311
7.464 6.706 12.833 11.913
11.299 11.525 6.923 17.566
3.689 13.082 6.360 14.008
0.891 8.822 3.064 3.258
7.719 11.753 7.785 2.455
5.963 9.284 4.864 1.967
12.842 11.331 3.596 13.213
0.981 1.556 3.356 6.066
2.696 6.560 7.970 5.584
2.228 6.036 10.740 1.020
8.408 8.623 1.219 18.403
8.978 14.475 3.165 5.373
3.553 4.430 11.330 1.486
10.287 5.042 16.485 6.079
7.139 19.796 5.872 13.369
6.552 11.988 5.507 12.904
8.112 3.038 3.299 9.835
0.680 10.017 4.470 29.616
16.257 12.542 3.526 0.702
16.879 1.900 5.244 37.425
10.419 22.797 12.599 0.890
0.286 6.126 19.786 14.914
0.494 5.014 3.439 2.880
4.480 19.379 5.774 16.981
3.679 0.199 12.856 3.827
7.376 25.242 5.617 4.566
2.984 4.624 1.865 14.747
7.054 2.327 1.404 5.534
13.416 7.959 2.044 5.122
0.471 4.871 4.895 6.164
5.842 1.975 1.017 10.738
0.016 0.686 3.875 4.164
6.981 4.241 0.403 0.020
13.603 8.259 3.725 8.160
13.835 5.305 8.684 0.092
1.958 2.975 17.268 5.473
2.585 4.131 16.926 3.598
14.353 5.396 2.300 4.534
4.954 7.128 0.940 8.535
5.257 5.254 14.323 4.785
1.455 16.950 1.100 12.609
2.626 6.658 7.408 7.238
4.959 14.787 9.884 6.954
14.933 3.708 4.681 4.324
3.536 8.985 17.317 7.845
3.373 13.562 19.541 17.192
9.286 22.086 2.978 10.763
2.722 3.748 7.698 9.268
22.663 11.919 5.115 12.024
15.756 11.461 0.433 1.802
27.636 7.684 13.388 7.878
18.910 2.224 1.308 2.847
6.713 2.100 6.073 5.999
0.261 2.192 6.792 3.670
10.589 1.731 11.103 2.186
6.383 0.032 13.705 4.701
1.547 4.483 3.287 13.724
5.613 11.659 7.833 5.735
3.570 6.047 4.576 8.667
19.886 5.181 2.281 23.936
2.707 11.476 12.089 21.687
12.897 5.224 19.832 10.913
4.939 7.092 23.715 6.678
13.243 8.120 4.634 2.550
4.739 4.795 14.995 2.101
6.879 0.166 11.123 29.819
26.279 1.787 4.095 22.881
7.993 7.980 9.055 10.128
2.342 5.580 11.234 14.283
9.652 5.309 1.969 12.615
6.481 2.369 3.342 2.487
8.941 11.234 2.478 5.089
6.454 3.732 3.592 2.314
5.105 18.749 5.753 7.184
1.199 13.041 10.672 5.053
5.764 21.672 5.266 13.790
8.754 0.473 15.396 9.001
9.865 7.789 10.550 2.855
8.360 3.501 26.197 19.116
13.575 8.715 10.207 0.841
7.887 1.987 18.473 3.255
18.842 11.979 2.130 10.832
2.437 1.927 2.119 7.784
5.654 12.540 8.702 9.657
3.908 7.741 5.930 13.178
2.427 4.545 2.036 3.451
26.035 9.149 6.961 2.548
4.153 7.897 11.363 3.522
3.390 4.344 2.315 13.965
6.184 7.195 0.708 8.429
6.509 10.349 6.102 9.298
3.832 5.854 0.455 1.725
6.403 0.366 4.720 9.366
2.997 3.477 8.840 6.175
14.569 3.608 8.581 8.698
